397422
397430
397448
397455
397463
397471
397489
397497
397505
397513
397521
397539
397547
397554
397562
397570
397588
397596
397604
397612
397620
397638
397646
397653
397661
397679
397687
397695
397703
397711
397729
397737
397745
397752
397760
397778
397786
397794
397802
397810
397828
397836
397844
397851
397869
397877
397885
397893
397901
397919
397927
397935
397943
397950
397968
397976
397984
397992
398008
398016
398024
398032
398040
398057
398065
398073
398081
398099
398107
398115
398123
398131
398149
398156
398164
398172
398180
398198
398206
398214
398222
398230
398248
398255
398263
398271
398289
398297
398305
398313
398321
398339
398347
398354
398362
398370
398388
398396
398404
398412
398420
398438
398446
398453
398461
398479
398487
398495
398503
398511
398529
398537
398545
398552
398560
398578
398586
398594
398602
398610
398628
398636
398644
398651
398669
398677
398685
398693
398701
398719
398727
398735
398743
398750
398768
398776
398784
398792
398800
398818
398826
398834
398842
398859
398867
398875
398883
398891
398909
398917
398925
398933
398941
398958
398966
398974
398982
398990
399006
399014
399022
399030
399048
399055
399063
399071
399089
399097
399105
399113
399121
399139
399147
399154
399162
399170
399188
399196
399204
399212
399220
399238
399246
399253
399261
399279
399287
399295
399303
399311
399329
399337
399345
399352
399360
399378
399386
399394
399402
399410
399428
399436
399444
399451
399469
399477
399485
399493
399501
399519
399527
399535
399543
399550
399568
399576
399584
399592
399600
399618
399626
399634
399642
399659
399667
399675
399683
399691
399709
399717
399725
399733
399741
399758
399766
399774
399782
399790
399808
399816
399824
399832
399840
399857
399865
399873
399881
399899
399907
399915
399923
399931
399949
399956
399964
399972
399980
399998
400002
400010
400028
400036
400044
400051
400069
400077
400085
400093
400101
400119
400127
400135
400143
400150
400168
400176
400184
400192
400200
400218
400226
400234
400242
400259
400267
400275
400283
400291
400309
400317
400325
400333
400341
400358
400366
400374
400382
400390
400408
400416
400424
400432
400440
400457
400465
400473
400481
400499
400507
400515
400523
400531
400549
400556
400564
400572
400580
400598
400606
400614
400622
400630
400648
400655
400663
400671
400689
400697
400705
400713
400721
400739
400747
400754
400762
400770
400788
400796
400804
400812
400820
400838
400846
400853
400861
400879
400887
400895
400903
400911
400929
400937
400945
400952
400960
400978
400986
400994
401000
401018
401026
401034
401042
401059
401067
401075
401083
401091
401109
401117
401125
401133
401141
401158
401166
401174
401182
401190
401208
401216
401224
401232
401240
401257
401265
401273
401281
401299
401307
401315
401323
401331
401349
401356
401364
401372
401380
401398
401406
401414
401422
401430
401448
401455
401463
401471
401489
401497
401505
401513
401521
401539
401547
401554
401562
401570
401588
401596
401604
401612
401620
401638
401646
401653
401661
401679
401687
401695
401703
401711
401729
401737
401745
401752
401760
401778
401786
401794
401802
401810
401828
401836
401844
401851
401869
401877
401885
401893
401901
401919
401927
401935
401943
401950
401968
401976
401984
401992
402008
402016
402024
402032
402040
402057
402065
402073
402081
402099
402107
402115
402123
402131
402149
402156
402164
402172
402180
402198
402206
402214
402222
402230
402248
402255
402263
402271
402289
402297
402305
402313
402321
402339
402347
402354
402362
402370
402388
402396
402404
402412
402420
402438
402446
402453
402461
402479
402487
402495
402503
402511
402529
402537
402545
402552
402560
402578
402586
402594
402602
402610
402628
402636
402644
402651
402669
402677
402685
402693
402701
402719
402727
402735
402743
402750
402768
402776
402784
402792
402800
402818
402826
402834
402842
402859
402867
402875
402883
402891
402909
402917
402925
402933
402941
402958
402966
402974
402982
402990
403006
403014
403022
403030
403048
403055
403063
403071
403089
403097
403105
403113
403121
403139
403147
403154
403162
403170
403188
403196
403204
403212
403220
403238
403246
403253
403261
403279
403287
403295
403303
403311
403329
403337
403345
403352
403360
403378
403386
403394
403402
403410
403428
403436
403444
403451
403469
403477
403485
403493
403501
403519
403527
403535
403543
403550
403568
403576
403584
403592
403600
403618
403626
403634
403642
403659
403667
403675
403683
403691
403709
403717
403725
403733
403741
403758
403766
403774
403782
403790
403808
403816
403824
403832
403840
403857
403865
403873
403881
403899
403907
403915
403923
403931
403949
403956
403964
403972
403980
403998
404004
404012
404020
404038
404046
404053
404061
404079
404087
404095
404103
404111
404129
404137
404145
404152
404160
404178
404186
404194
404202
404210
404228
404236
404244
404251
404269
404277
404285
404293
404301
404319
404327
404335
404343
404350
404368
404376
404384
404392
404400
404418
404426
404434
404442
404459
404467
404475
404483
404491
404509
404517
404525
404533
404541
404558
404566
404574
404582
404590
404608
404616
404624
404632
404640
404657
404665
404673
404681
404699
404707
404715
404723
404731
404749
404756
404764
404772
404780
404798
404806
404814
404822
404830
404848
404855
404863
404871
404889
404897
404905
404913
404921
404939
404947
404954
404962
404970
404988
404996
405001
405019
405027
405035
405043
405050
405068
405076
405084
405092
405100
405118
405126
405134
405142
405159
405167
405175
405183
405191
405209
405217
405225
405233
405241
405258
405266
405274
405282
405290
405308
405316
405324
405332
405340
405357
405365
405373
405381
405399
405407
405415
405423
405431
405449
405456
405464
405472
405480
405498
405506
405514
405522
405530
405548
405555
405563
405571
405589
405597
405605
405613
405621
405639
405647
405654
405662
405670
405688
405696
405704
405712
405720
405738
405746
405753
405761
405779
405787
405795
405803
405811
405829
405837
405845
405852
405860
405878
405886
405894
405902
405910
405928
405936
405944
405951
405969
405977
405985
405993
406009
406017
406025
406033
406041
406058
406066
406074
406082
406090
406108
406116
406124
406132
406140
406157
406165
406173
406181
406199
406207
406215
406223
406231
406249
406256
406264
406272
406280
406298
406306
406314
406322
406330
406348
406355
406363
406371
406389
406397
406405
406413
406421
406439
406447
406454
406462
406470
406488
406496
406504
406512
406520
406538
406546
406553
406561
406579
406587
406595
406603
406611
406629
406637
406645
406652
406660
406678
406686
406694
406702
406710
406728
406736
406744
406751
406769
406777
406785
406793
406801
406819
406827
406835
406843
406850
406868
406876
406884
406892
406900
406918
406926
406934
406942
406959
406967
406975
406983
406991
407007
407015
407023
407031
407049
407056
407064
407072
407080
407098
407106
407114
407122
407130
407148
407155
407163
407171
407189
407197
407205
407213
407221
407239
407247
407254
407262
407270
407288
407296
407304
407312
407320
407338
407346
407353