1000009
1000017
1000025
1000033
1000041
1000058
1000066
1000074
1000082
1000090
1000108
1000116
1000124
1000132
1000140
1000157
1000165
1000173
1000181
1000199
1000207
1000215
1000223
1000231
1000249
1000256
1000264
1000272
1000280
1000298
1000306
1000314
1000322
1000330
1000348
1000355
1000363
1000371
1000389
1000397
1000405
1000413
1000421
1000439
1000447
1000454
1000462
1000470
1000488
1000496
1000504
1000512
1000520
1000538
1000546
1000553
1000561
1000579
1000587
1000595
1000603
1000611
1000629
1000637
1000645
1000652
1000660
1000678
1000686
1000694
1000702
1000710
1000728
1000736
1000744
1000751
1000769
1000777
1000785
1000793
1000801
1000819
1000827
1000835
1000843
1000850
1000868
1000876
1000884
1000892
1000900
1000918
1000926
1000934
1000942
1000959
1000967
1000975
1000983
1000991